Comando para gerar este arquivo: node estudos_de_caso.js grafo_2 > grafo_2.txt
Grafo: grafo_2
Classe: ArrayGraph
Tamanho do grafo: 1000 nodes
Uso de memória: 63.2890625 MBs


Menor caminho de 1 a 10 (distância 2): 10 -> 52 -> 1
Menor caminho de 1 a 20 (distância 3): 20 -> 497 -> 1
Menor caminho de 1 a 30 (distância 2): 30 -> 497 -> 1
Menor caminho de 1 a 40 (distância 3): 40 -> 331 -> 1
Menor caminho de 1 a 50 (distância 3): 50 -> 269 -> 782 -> 1


Árvore geradora mínima: 
1000
1 0 0
2 12 1
3 249 1
4 1 1
5 482 1
6 460 1
7 878 1
8 71 1
9 366 1
10 366 1
11 670 1
12 71 1
13 455 1
14 594 1
15 425 1
16 116 1
17 856 1
18 71 1
19 478 1
20 344 1
21 379 1
22 785 1
23 460 1
24 833 1
25 854 1
26 663 1
27 12 1
28 303 1
29 482 1
30 142 1
31 133 1
32 735 1
33 455 1
34 482 1
35 851 1
36 433 1
37 896 1
38 785 1
39 637 1
40 12 1
41 344 1
42 623 1
43 71 1
44 71 1
45 594 1
46 116 1
47 133 1
48 344 1
49 455 1
50 594 1
51 247 1
52 1 1
53 478 1
54 71 1
55 482 1
56 574 1
57 220 1
58 220 1
59 594 1
60 670 1
61 12 1
62 637 1
63 478 1
64 331 1
65 12 1
66 896 1
67 286 1
68 420 1
69 71 1
70 425 1
71 594 1
72 482 1
73 203 1
74 64 1
75 111 1
76 442 1
77 111 1
78 12 1
79 71 1
80 790 1
81 425 1
82 785 1
83 851 1
84 339 1
85 111 1
86 482 1
87 482 1
88 647 1
89 758 1
90 415 1
91 366 1
92 71 1
93 851 1
94 9 1
95 482 1
96 249 1
97 220 1
98 415 1
99 851 1
100 856 1
101 455 1
102 71 1
103 116 1
104 425 1
105 133 1
106 425 1
107 672 1
108 339 1
109 594 1
110 247 1
111 220 1
112 257 1
113 554 1
114 116 1
115 591 1
116 455 1
117 637 1
118 785 1
119 670 1
120 249 1
121 183 1
122 286 1
123 888 1
124 623 1
125 851 1
126 129 1
127 286 1
128 257 1
129 442 1
130 133 1
131 591 1
132 594 1
133 593 1
134 247 1
135 808 1
136 663 1
137 344 1
138 311 1
139 331 1
140 785 1
141 311 1
142 68 1
143 111 1
144 1 1
145 594 1
146 12 1
147 133 1
148 415 1
149 64 1
150 331 1
151 360 1
152 1 1
153 663 1
154 71 1
155 249 1
156 637 1
157 637 1
158 851 1
159 403 1
160 623 1
161 247 1
162 670 1
163 311 1
164 923 1
165 482 1
166 455 1
167 460 1
168 111 1
169 637 1
170 64 1
171 478 1
172 71 1
173 851 1
174 482 1
175 594 1
176 116 1
177 923 1
178 591 1
179 623 1
180 257 1
181 344 1
182 12 1
183 133 1
184 623 1
185 555 1
186 449 1
187 116 1
188 433 1
189 785 1
190 1 1
191 594 1
192 116 1
193 331 1
194 352 1
195 433 1
196 460 1
197 155 1
198 12 1
199 482 1
200 594 1
201 460 1
202 331 1
203 761 1
204 785 1
205 220 1
206 12 1
207 455 1
208 637 1
209 455 1
210 249 1
211 311 1
212 851 1
213 247 1
214 663 1
215 9 1
216 251 1
217 64 1
218 220 1
219 888 1
220 460 1
221 379 1
222 71 1
223 220 1
224 249 1
225 663 1
226 116 1
227 116 1
228 455 1
229 460 1
230 251 1
231 64 1
232 623 1
233 460 1
234 460 1
235 257 1
236 64 1
237 9 1
238 959 1
239 425 1
240 257 1
241 888 1
242 183 1
243 856 1
244 591 1
245 116 1
246 257 1
247 856 1
248 25 1
249 247 1
250 71 1
251 623 1
252 923 1
253 594 1
254 331 1
255 311 1
256 456 1
257 785 1
258 482 1
259 129 1
260 311 1
261 1 1
262 568 1
263 257 1
264 555 1
265 425 1
266 71 1
267 64 1
268 25 1
269 71 1
270 785 1
271 785 1
272 591 1
273 331 1
274 12 1
275 9 1
276 311 1
277 594 1
278 331 1
279 12 1
280 851 1
281 220 1
282 252 1
283 454 1
284 470 1
285 220 1
286 568 1
287 116 1
288 637 1
289 442 1
290 594 1
291 257 1
292 611 1
293 220 1
294 896 1
295 482 1
296 220 1
297 574 1
298 455 1
299 425 1
300 379 1
301 594 1
302 594 1
303 286 1
304 111 1
305 482 1
306 12 1
307 64 1
308 623 1
309 303 1
310 455 1
311 9 1
312 455 1
313 360 1
314 449 1
315 12 1
316 1 1
317 282 1
318 460 1
319 247 1
320 203 1
321 366 1
322 593 1
323 663 1
324 637 1
325 379 1
326 344 1
327 478 1
328 303 1
329 12 1
330 470 1
331 1 1
332 663 1
333 220 1
334 12 1
335 116 1
336 251 1
337 1 1
338 442 1
339 129 1
340 133 1
341 546 1
342 478 1
343 352 1
344 591 1
345 133 1
346 366 1
347 785 1
348 64 1
349 9 1
350 425 1
351 64 1
352 959 1
353 489 1
354 455 1
355 257 1
356 116 1
357 164 1
358 623 1
359 433 1
360 888 1
361 433 1
362 257 1
363 851 1
364 71 1
365 663 1
366 155 1
367 331 1
368 379 1
369 311 1
370 303 1
371 64 1
372 591 1
373 330 1
374 133 1
375 594 1
376 116 1
377 568 1
378 257 1
379 251 1
380 331 1
381 116 1
382 672 1
383 64 1
384 856 1
385 594 1
386 482 1
387 460 1
388 116 1
389 594 1
390 64 1
391 663 1
392 220 1
393 9 1
394 591 1
395 425 1
396 220 1
397 257 1
398 1 1
399 286 1
400 379 1
401 670 1
402 672 1
403 968 1
404 637 1
405 425 1
406 482 1
407 449 1
408 286 1
409 220 1
410 1 1
411 155 1
412 111 1
413 286 1
414 251 1
415 433 1
416 71 1
417 331 1
418 257 1
419 856 1
420 878 1
421 251 1
422 183 1
423 482 1
424 220 1
425 663 1
426 415 1
427 331 1
428 155 1
429 344 1
430 637 1
431 331 1
432 637 1
433 449 1
434 220 1
435 64 1
436 331 1
437 252 1
438 133 1
439 460 1
440 111 1
441 670 1
442 360 1
443 851 1
444 568 1
445 482 1
446 311 1
447 455 1
448 785 1
449 344 1
450 220 1
451 455 1
452 663 1
453 591 1
454 896 1
455 482 1
456 878 1
457 251 1
458 785 1
459 594 1
460 257 1
461 785 1
462 482 1
463 637 1
464 670 1
465 449 1
466 415 1
467 888 1
468 183 1
469 111 1
470 828 1
471 478 1
472 670 1
473 116 1
474 623 1
475 856 1
476 828 1
477 974 1
478 379 1
479 311 1
480 856 1
481 593 1
482 12 1
483 442 1
484 64 1
485 482 1
486 303 1
487 478 1
488 331 1
489 740 1
490 344 1
491 111 1
492 449 1
493 116 1
494 379 1
495 1 1
496 672 1
497 1 1
498 331 1
499 888 1
500 1 1
501 366 1
502 1 1
503 155 1
504 366 1
505 251 1
506 9 1
507 959 1
508 767 1
509 455 1
510 672 1
511 594 1
512 594 1
513 637 1
514 959 1
515 12 1
516 12 1
517 593 1
518 851 1
519 896 1
520 249 1
521 856 1
522 1 1
523 637 1
524 623 1
525 663 1
526 888 1
527 294 1
528 959 1
529 470 1
530 594 1
531 366 1
532 594 1
533 615 1
534 220 1
535 12 1
536 1 1
537 455 1
538 248 1
539 623 1
540 856 1
541 64 1
542 111 1
543 257 1
544 433 1
545 129 1
546 959 1
547 331 1
548 331 1
549 249 1
550 64 1
551 637 1
552 455 1
553 331 1
554 159 1
555 489 1
556 449 1
557 251 1
558 111 1
559 672 1
560 623 1
561 64 1
562 116 1
563 425 1
564 482 1
565 455 1
566 251 1
567 856 1
568 672 1
569 785 1
570 331 1
571 129 1
572 366 1
573 672 1
574 425 1
575 851 1
576 116 1
577 257 1
578 637 1
579 1 1
580 251 1
581 790 1
582 637 1
583 672 1
584 593 1
585 1 1
586 455 1
587 856 1
588 594 1
589 366 1
590 663 1
591 311 1
592 594 1
593 415 1
594 64 1
595 1 1
596 331 1
597 344 1
598 116 1
599 155 1
600 456 1
601 482 1
602 433 1
603 1 1
604 111 1
605 482 1
606 220 1
607 111 1
608 594 1
609 155 1
610 12 1
611 758 1
612 574 1
613 249 1
614 220 1
615 719 1
616 593 1
617 64 1
618 116 1
619 594 1
620 811 1
621 111 1
622 594 1
623 111 1
624 637 1
625 344 1
626 1 1
627 663 1
628 12 1
629 64 1
630 594 1
631 1 1
632 133 1
633 482 1
634 71 1
635 64 1
636 478 1
637 116 1
638 339 1
639 116 1
640 455 1
641 133 1
642 12 1
643 116 1
644 637 1
645 111 1
646 735 1
647 456 1
648 449 1
649 247 1
650 129 1
651 856 1
652 25 1
653 594 1
654 64 1
655 257 1
656 111 1
657 620 1
658 331 1
659 12 1
660 311 1
661 455 1
662 415 1
663 670 1
664 455 1
665 460 1
666 670 1
667 133 1
668 9 1
669 594 1
670 478 1
671 331 1
672 735 1
673 1 1
674 311 1
675 183 1
676 670 1
677 12 1
678 331 1
679 663 1
680 574 1
681 455 1
682 790 1
683 442 1
684 455 1
685 66 1
686 594 1
687 594 1
688 594 1
689 71 1
690 593 1
691 637 1
692 478 1
693 460 1
694 851 1
695 360 1
696 672 1
697 455 1
698 331 1
699 460 1
700 785 1
701 12 1
702 482 1
703 1 1
704 116 1
705 294 1
706 767 1
707 331 1
708 366 1
709 594 1
710 257 1
711 203 1
712 482 1
713 303 1
714 331 1
715 478 1
716 670 1
717 574 1
718 663 1
719 159 1
720 12 1
721 220 1
722 379 1
723 455 1
724 637 1
725 568 1
726 663 1
727 425 1
728 129 1
729 64 1
730 637 1
731 116 1
732 591 1
733 790 1
734 425 1
735 183 1
736 433 1
737 455 1
738 455 1
739 854 1
740 294 1
741 623 1
742 828 1
743 594 1
744 252 1
745 785 1
746 252 1
747 896 1
748 663 1
749 460 1
750 594 1
751 286 1
752 637 1
753 594 1
754 785 1
755 482 1
756 568 1
757 12 1
758 837 1
759 574 1
760 594 1
761 790 1
762 12 1
763 71 1
764 71 1
765 478 1
766 25 1
767 878 1
768 455 1
769 71 1
770 344 1
771 183 1
772 851 1
773 116 1
774 352 1
775 449 1
776 64 1
777 785 1
778 415 1
779 482 1
780 663 1
781 257 1
782 1 1
783 455 1
784 574 1
785 851 1
786 64 1
787 64 1
788 449 1
789 71 1
790 194 1
791 331 1
792 593 1
793 637 1
794 785 1
795 785 1
796 478 1
797 594 1
798 785 1
799 706 1
800 851 1
801 594 1
802 974 1
803 455 1
804 455 1
805 623 1
806 331 1
807 460 1
808 470 1
809 71 1
810 637 1
811 555 1
812 623 1
813 574 1
814 286 1
815 249 1
816 482 1
817 478 1
818 379 1
819 433 1
820 379 1
821 379 1
822 129 1
823 1 1
824 637 1
825 785 1
826 455 1
827 331 1
828 282 1
829 9 1
830 251 1
831 594 1
832 851 1
833 420 1
834 637 1
835 331 1
836 251 1
837 68 1
838 425 1
839 9 1
840 360 1
841 286 1
842 257 1
843 71 1
844 183 1
845 888 1
846 379 1
847 785 1
848 425 1
849 331 1
850 331 1
851 637 1
852 851 1
853 257 1
854 529 1
855 449 1
856 574 1
857 64 1
858 133 1
859 331 1
860 442 1
861 482 1
862 71 1
863 155 1
864 623 1
865 64 1
866 761 1
867 331 1
868 249 1
869 637 1
870 460 1
871 637 1
872 442 1
873 433 1
874 1 1
875 623 1
876 482 1
877 1 1
878 555 1
879 672 1
880 64 1
881 360 1
882 220 1
883 331 1
884 482 1
885 785 1
886 64 1
887 133 1
888 303 1
889 220 1
890 785 1
891 670 1
892 594 1
893 1 1
894 9 1
895 64 1
896 268 1
897 203 1
898 379 1
899 220 1
900 331 1
901 64 1
902 311 1
903 482 1
904 554 1
905 64 1
906 594 1
907 904 1
908 574 1
909 670 1
910 460 1
911 251 1
912 593 1
913 482 1
914 111 1
915 194 1
916 133 1
917 220 1
918 670 1
919 64 1
920 247 1
921 64 1
922 591 1
923 203 1
924 785 1
925 637 1
926 785 1
927 155 1
928 856 1
929 379 1
930 670 1
931 64 1
932 68 1
933 433 1
934 785 1
935 366 1
936 257 1
937 251 1
938 247 1
939 433 1
940 257 1
941 64 1
942 959 1
943 623 1
944 785 1
945 851 1
946 183 1
947 455 1
948 735 1
949 574 1
950 311 1
951 460 1
952 194 1
953 183 1
954 247 1
955 64 1
956 478 1
957 64 1
958 116 1
959 339 1
960 591 1
961 460 1
962 116 1
963 460 1
964 71 1
965 594 1
966 9 1
967 1 1
968 292 1
969 1 1
970 111 1
971 785 1
972 672 1
973 455 1
974 767 1
975 220 1
976 663 1
977 331 1
978 623 1
979 25 1
980 344 1
981 637 1
982 851 1
983 366 1
984 183 1
985 482 1
986 856 1
987 672 1
988 904 1
989 64 1
990 155 1
991 785 1
992 71 1
993 247 1
994 220 1
995 352 1
996 257 1
997 251 1
998 670 1
999 785 1
1000 220 1
Peso total: 999


Distância média: 2.085903903903904
Tempo usado para calcular: 9.897s
